954456538
954456539
1509972442
1509972443
1476418010
1476418011
954554842
954554843
1510005210
1510005211
954587610
954587611
1476450778
1476450779
954620378
954620379
1510169050
1510169051
1476614618
1476614619
954653146
954653147
1510201818
1510201819
1476647386
1476647387
1510300122
1510300123
1476745690
1476745691
1510332890
1510332891
1476778458
1476778459
1510365658
1510365659
1510398426
1510398427
1476811226
1476811227
1476843994
1476843995
1516263898
1516263899
1516296666
1516296667
1516460506
1516460507
1516493274
1516493275
1516591578
1516591579
1516624346
1516624347
1516657114
1516657115
1516689882
1516689883
973101530
973101531
973134298
973134299
939547098
939547099
939579866
939579867
973298138
973298139
939743706
939743707
973330906
973330907
939776474
939776475
973429210
973429211
939874778
939874779
973461978
973461979
939907546
939907547
973494746
973494747
939940314
939940315
939973082
973527514
939973083
973527515
1518361050
1518361051
1518393818
1518393819
1518557658
1518557659
1482709466
1482709467
1518590426
1518590427
1518688730
1482742234
1482742235
1518688731
1518721498
1518721499
1482906074
1482906075
1518754266
1518754267
1482938842
1482938843
1518787034
1518787035
1483037146
1483037147
1483069914
1483069915
1483102682
1483102683
1483135450
1483135451
1484806618
1484806619
1484839386
1484839387
1485003226
1485003227
1485035994
1485035995
1485134298
1485134299
1485167066
1485167067
1485199834
1485199835
1485232602
1485232603
979392986
979392987
945838554
945838555
979425754
979425755
945871322
945871323
979589594
979589595
946035162
946035163
979622362
946067930
979622363
946067931
946166234
946166235
979720666
979720667
946199002
946199003
979753434
979753435
946231770
946231771
979786202
979786203
946264538
946264539
979818970
979818971
1524652506
1524652507
1524685274
1524685275
1524849114
1524849115
1524881882
1524881883
1524980186
1524980187
1525012954
1525012955
1525045722
1525045723
1525078490
1525078491
947935706
947935707
947968474
947968475
981490138
981490139
981522906
981522907
948132314
948132315
948165082
948165083
981686746
981686747
981719514
981719515
948263386
948263387
948296154
948296155
981817818
981817819
948328922
981850586
981850587
948328923
981883354
981883355
948361690
948361691
981916122
981916123
1491098074
1491098075
1491130842
1491130843
1491294682
1491294683
1491327450
1491327451
1491425754
1491425755
1491458522
1491458523
1491491290
1491491291
1491524058
1491524059
954227162
954227163
954259930
954259931
954423770
954423771
987781594
987781595
987814362
987814363
987978202
987978203
988010970
988010971
988109274
988109275
988142042
988142043
988174810
988174811
988207578
988207579
