hello
409164154
954456442
409164155
954456443
409164250
716200314
716200315
409164251
954456538
954456539
716200410
716200411
2046843258
2046843259
2013288826
2013288827
2046843354
2046843355
2013288922
2013288923
1509972346
1509972347
1476417914
1476417915
1207982458
1207982459
1241536890
1509972442
1509972443
1241536891
1476418010
1476418011
1207982554
1207982555
1241536986
1241536987
409196922
954554746
409196923
716233082
954554747
716233083
409197018
409197019
716233178
954554842
716233179
954554843
2013321594
2013321595
2046876026
2046876027
2013321690
2013321691
2046876122
2046876123
1208015226
1208015227
1510005114
1208015322
1510005115
1208015323
1241569658
1241569659
1510005210
1510005211
1241569754
1241569755
954587514
954587515
1476450682
1476450683
409295226
409295227
954587610
954587611
716396922
1476450778
716396923
1476450779
716397018
716397019
409295322
409295323
2013485434
2013485435
2013485530
2013485531
954620282
954620283
716429690
1510168954
1241733498
716429691
1510168955
1208179066
1241733499
1208179067
2047039866
2047039867
716429786
954620378
716429787
954620379
1241733594
1510169050
1208179162
1476614522
1241733595
1208179163
2047039962
1476614523
1510169051
2047039963
409327994
409327995
1476614618
1476614619
409328090
409328091
2013518202
2013518203
2013518298
2013518299
716527994
954653050
1208211834
1208211835
716527995
954653051
1241766266
1208211930
1241766267
716528090
954653146
1208211931
716528091
954653147
1510201722
1510201723
1241766362
1476647290
1476647291
1241766363
2047072634
1510201818
2047072635
1510201819
409360762
409360763
1476647386
2047072730
1476647387
2047072731
409360858
409360859
2013616506
2013616507
2013616602
2013616603
716560762
716560763
1208310138
1208310139
716560858
716560859
1208310234
1208310235
409393530
1510300026
1510300027
409393531
1241864570
1241864571
409393626
2047170938
1510300122
2047170939
1510300123
1241864666
409393627
1241864667
1476745594
2047171034
1476745595
2047171035
2013649274
1476745690
2013649275
1476745691
2013649370
1208342906
1208342907
2013649371
716593530
1208343002
716593531
1208343003
716593626
716593627
1510332794
1241897338
1241897339
1510332795
1241897434
1241897435
1510332890
1510332891
1208375674
1208375675
2047203706
2013682042
1476778362
2013682043
2047203707
716626298
1476778363
1208375770
1208375771
716626299
1476778458
2047203802
1476778459
2013682138
716626394
2013682139
2047203803
716626395
1510365562
1241930106
1241930107
1510365563
1510365658
1241930202
1510365659
1241930203
1208408442
1208408443
1208408538
1208408539
2013714810
2013714811
2013714906
2013714907
2047236474
2047236475
2047236570
2047236571
1510398330
1476811130
1510398331
1476811131
1241962874
1241962875
1510398426
1241962970
1510398427
1241962971
1476811226
1476811227
2047269242
2047269243
2047269338
2047269339
2014337402
682645882
2014337403
682645883
1476843898
1476843899
2014337498
682645978
2014337499
682645979
1476843994
1476843995
1209031034
1209031035
1209031130
1209031131
1242585466
1242585467
1242585562
1242585563
2014370170
1511020922
1209063802
1511020923
2014370171
1209063803
1511021018
1511021019
2014370266
1209063898
2014370267
1209063899
682678650
682678651
682678746
682678747
1242618234
1242618235
1242618330
1242618331
1511053690
1511053691
1511053786
1511053787
2014534010
2014534011
1209227642
1209227643
2014534106
2014534107
1209227738
1209227739
1242782074
1242782075
1242782170
1242782171
2014566778
1209260410
1209260411
2014566779
1209260506
1209260507
2014566874
2014566875
1511217530
1511217531
1511217626
1511217627
1242814842
1242814843
1242814938
1242814939
682842490
682842491
682842586
682842587
1209358714
1209358715
2014665082
2014665083
1209358810
1209358811
1511250298
1511250299
2014665178
2014665179
1511250394
1511250395
682875258
682875259
1242913146
1242913147
682875354
682875355
2014697850
1242913242
2014697851
1242913243
1209391482
1209391483
2014697946
2014697947
1209391578
1209391579
444619130
444619131
444619226
444619227
1242945914
1242945915
2014730618
2014730619
1242946010
1242946011
1511348602
1511348603
2014730714
2014730715
1511348698
1511348699
1209424250
1209424251
1209424346
1209424347
682973562
682973563
444651898
444651899
682973658
682973659
444651994
2014763386
2014763387
444651995
1242978682
1242978683
2047891834
1511381370
1511381371
2047891835
2014763482
2014763483
1242978778
1511381466
2047891930
1242978779
1511381467
2047891931
1477466490
1477466491
1209457018
1209457019
1477466586
1209457114
1209457115
1477466587
683006330
683006331
411064698
411064699
683006426
683006427
411064794
411064795
1243011450
1243011451
1511414138
1511414139
1243011546
1243011547
1511414234
1511414235
2047924602
2047924603
411097466
2047924698
411097467
683039098
2047924699
683039099
1477499258
1477499259
411097562
683039194
683039195
411097563
1477499354
1477499355
1511446906
1511446907
444815738
444815739
1511447002
444815834
1511447003
444815835
411261306
411261307
411261402
411261403
683071866
683071867
683071962
683071963
444848506
444848507
2048088442
2048088443
444848602
2048088538
444848603
1477663098
2048088539
1477663099
411294074
411294075
1477663194
1477663195
411294170
411294171
2048121210
2048121211
2048121306
2048121307
411392378
411392379
411392474
411392475
1477695866
1477695867
1477695962
1477695963
444946810
444946811
444946906
444946907
411425146
411425147
411425242
411425243
444979578
444979579
411457914
2048219514
411457915
2048219515
2048219610
444979674
444979675
2048219611
411458010
411458011
1477794170
1477794171
411490682
411490683
1477794266
1477794267
411490778
411490779
2048252282
2048252283
445012346
445012347
2048252378
2048252379
445012442
445012443
2048285050
2048285051
1477826938
2048285146
1477826939
2048285147
1477827034
1477827035
445045114
445045115
445045210
445045211
1477859706
2048317818
1477859707
2048317819
412113274
412113275
2048317914
2048317915
1477859802
1477859803
412113370
412113371
1211128186
1211128187
1211128282
1211128283
2016434554
2016434555
412146042
412146043
2016434650
2016434651
412146138
412146139
1211160954
1211160955
1211161050
1211161051
1477892474
1477892475
1477892570
1477892571
2016467322
2016467323
2016467418
2016467419
412309882
412309883
412309978
412309979
1211324794
1211324795
1211324890
1211324891
412342650
412342651
2016631162
2016631163
412342746
2016631258
412342747
1244682618
1244682619
2016631259
1244682714
1244682715
1211357562
2016663930
1211357563
2016663931
1211357658
1211357659
2016664026
2016664027
412440954
1244715386
412440955
1244715387
412441050
1244715482
412441051
1244715483
719346042
719346043
445667706
445667707
719346138
719346139
445667802
445667803
412473722
412473723
1211455866
1211455867
412473818
412473819
1211455962
1244879226
1211455963
1244879227
2016762234
1244879322
2016762235
1244879323
2016762330
2016762331
719378810
412506490
412506491
719378811
445700474
412506586
445700475
412506587
719378906
719378907
445700570
445700571
1211488634
1244911994
1244911995
1211488635
2016795002
1211488730
1244912090
1211488731
2016795003
1244912091
2016795098
2016795099
1513118074
1513118075
1513118170
1513118171
412539258
412539259
412539354
412539355
1211521402
1211521403
1245010298
1245010299
2016827770
2016827771
1211521498
1245010394
1211521499
1245010395
2016827866
2016827867
1513150842
719542650
719542651
1513150843
1513150938
719542746
719542747
1513150939
2016860538
2016860539
1211554170
1245043066
445864314
445864315
1211554171
1245043067
2016860634
2016860635
445864410
445864411
1211554266
1245043162
1211554267
1245043163
719575418
719575419
719575514
719575515
1513314682
1513314683
1513314778
1513314779
445897082
445897083
445897178
445897179
1245075834
1245075835
1245075930
1245075931
719673722
719673723
1513347450
1513347451
719673818
719673819
1513347546
1513347547
1513445754
1513445755
719706490
719706491
1513445850
1245108602
1513445851
1245108603
1245108698
1245108699
719706586
719706587
445995386
445995387
445995482
445995483
719739258
719739259
1513478522
1513478523
719739354
719739355
1513478618
1513478619
1513511290
1513511291
719772026
719772027
1513511386
1513511387
446028154
719772122
719772123
446028155
446028250
446028251
446060922
1513544058
1513544059
446060923
1513544154
1513544155
446061018
446061019
446093690
446093691
446093786
446093787
414210426
414210427
414210522
414210523
414243194
414243195
414243290
414243291
414407034
414407035
414407130
414407131
414439802
414439803
414439898
414439899
414538106
414538107
414538202
414538203
414570874
414570875
414570970
414570971
414603642
414603643
414603738
414603739
414636410
414636411
414636506
414636507
2049988986
2049988987
2049989082
2049989083
1479563642
1479563643
1479563738
1479563739
2050021754
2050021755
2050021850
2050021851
1479596410
1479596411
1479596506
1479596507
2050185594
2050185595
2050185690
2050185691
1479760250
1479760251
1479760346
1479760347
2019580282
1214273914
2019580283
1214273915
2050218362
2050218363
1214274010
2019580378
1214274011
2019580379
2050218458
2050218459
685791610
685791611
685791706
685791707
1479793018
1214306682
1479793019
1214306683
2019613050
2019613051
1214306778
1479793114
1479793115
1214306779
2019613146
2019613147
685824378
685824379
1247828346
1247828347
2050316666
685824474
685824475
2050316667
1247828442
1247828443
2050316762
2050316763
1214470522
2019776890
2019776891
1214470523
2019776986
1214470618
2019776987
1214470619
1479891322
1479891323
1479891418
1479891419
1247861114
1247861115
1247861210
1247861211
1214503290
1214503291
2050349434
2050349435
2019809658
2019809659
1214503386
2050349530
1214503387
2050349531
2019809754
2019809755
685988218
685988219
685988314
685988315
2050382202
2050382203
1214601594
2019907962
1214601595
1479924090
2019907963
1479924091
1248024954
2050382298
2050382299
1248024955
2019908058
1214601690
2019908059
1214601691
1479924186
1479924187
1248025050
1248025051
686020986
686020987
686021082
686021083
1479956858
1248057722
1479956859
2019940730
1248057723
2050414970
2019940731
2050414971
1479956954
1479956955
1248057818
1214634362
1248057819
2050415066
1214634363
2050415067
2019940826
2019940827
1214634458
1214634459
2019973498
1479989626
1479989627
1248156026
1248156027
2019973499
2019973594
1479989722
1479989723
2019973595
1248156122
1248156123
1214667130
1214667131
1214667226
1214667227
686119290
686119291
686119386
686119387
2020006266
1248188794
2020006267
1248188795
1248188890
2020006362
1248188891
1214699898
2020006363
1214699899
1214699994
1214699995
686152058
686152059
686152154
686152155
1248221562
1248221563
1248221658
1248221659
686184826
686184827
686184922
686184923
447764858
447764859
447764954
447764955
1248254330
1248254331
1248254426
1248254427
686217594
447797626
686217595
447797627
447797722
686217690
686217691
447797723
1516263802
1516263803
1516263898
1516263899
447961466
447961467
447961562
447961563
1516296570
1516296571
1516296666
1516296667
447994234
447994235
447994330
447994331
1516460410
1516460411
448092538
1516460506
417356154
448092539
1516460507
417356155
417356250
417356251
448092634
448092635
417388922
417388923
1516493178
1516493179
417389018
417389019
1516493274
1516493275
448125306
448125307
448125402
448125403
417552762
417552763
1516591482
1516591483
417552858
1516591578
1516591579
417552859
448158074
448158075
448158170
448158171
2021677434
2021677435
417585530
417585531
1516624250
1516624251
2021677530
2021677531
417585626
1516624346
417585627
1516624347
1216371066
1216371067
1216371162
1216371163
417683834
417683835
1516657018
2021710202
1516657019
2021710203
417683930
448190842
417683931
448190843
1516657114
2021710298
1516657115
448190938
2021710299
448190939
1216403834
1216403835
1216403930
1216403931
1516689786
973101434
1516689787
1216567674
973101435
417716602
1216567675
417716603
2021874042
2021874043
1249925498
1249925499
1516689882
1516689883
417716698
973101530
1216567770
1216567771
973101531
2021874138
417716699
1249925594
2021874139
1249925595
2021906810
2021906811
1216600442
1249958266
1216600443
1249958267
2021906906
2021906907
1249958362
1216600538
1249958363
1216600539
417749370
417749371
973134202
973134203
417749466
417749467
973134298
973134299
2022005114
939547002
2022005115
939547003
2022005210
939547098
939547099
1216698746
1216698747
2022005211
1250122106
1216698842
1216698843
1250122107
1250122202
1250122203
417782138
417782139
417782234
417782235
2022037882
2022037883
939579770
939579771
1216731514
1216731515
2022037978
939579866
1216731610
2022037979
1216731611
939579867
1250154874
973298042
1250154875
973298043
973298138
1250154970
973298139
1250154971
939743610
939743611
1216764282
1216764283
2022070650
2022070651
1216764378
1216764379
939743706
939743707
2022070746
2022070747
973330810
973330811
973330906
973330907
939776378
939776379
1250253178
1250253179
1216797050
1216797051
939776474
1250253274
1250253275
939776475
1216797146
1216797147
2022103418
2022103419
2022103514
2022103515
973429114
973429115
939874682
939874683
973429210
973429211
939874778
939874779
1250285946
1250285947
1250286042
1250286043
973461882
973461883
973461978
973461979
939907450
939907451
939907546
939907547
1250318714
1250318715
1250318810
1250318811
1217419642
1217419643
1217419738
1217419739
2022726010
973494650
2022726011
973494651
939940218
939940219
973494746
2022726106
973494747
2022726107
939940314
1250351482
939940315
1250351483
1250351578
1250351579
1217452410
1217452411
1217452506
1217452507
2022758778
2022758779
2022758874
2022758875
973527418
939972986
973527419
939972987
939973082
973527514
939973083
973527515
2022922618
2022922619
2022922714
2022922715
1217616250
1217616251
1217616346
1217616347
1217649018
1217649019
2022955386
2022955387
1217649114
1217649115
2022955482
2022955483
1250974074
1250974075
1250974170
1250974171
2023053690
2023053691
1217747322
1251006842
1217747323
1251006843
2023053786
2023053787
1217747418
1217747419
1251006938
1251006939
2023086458
2023086459
2023086554
2023086555
940595578
940595579
974150010
1217780090
1251170682
974150011
1251170683
1217780091
940595674
940595675
974150106
974150107
1251170778
1217780186
1217780187
1251170779
2023119226
2023119227
2023119322
2023119323
1217812858
1251203450
974182778
1217812859
1251203451
974182779
940628346
1217812954
1251203546
1217812955
940628347
974182874
974182875
1251203547
940628442
940628443
1518360954
1518360955
1518361050
1518361051
1217845626
1251301754
1217845627
1251301755
2023151994
974346618
2023151995
974346619
1217845722
1217845723
1251301850
1251301851
2023152090
2023152091
974346714
974346715
1518393722
940792186
1518393723
940792187
940792282
940792283
1518393818
1518393819
1251334522
1251334523
1251334618
974379386
1251334619
974379387
974379482
974379483
1518557562
1518557563
940824954
940824955
1518557658
1518557659
940825050
940825051
1251367290
1251367291
1251367386
1251367387
974477690
974477691
974477786
974477787
1482709370
1482709371
1482709466
1482709467
2053134714
2053134715
1518590330
1518590331
1251400058
2053134810
1251400059
2053134811
1518590426
1518590427
1251400154
1251400155
940923258
940923259
940923354
940923355
974510458
974510459
974510554
974510555
1482742138
1518688634
2053167482
1482742139
1518688635
2053167483
1518688730
1482742234
2053167578
2053167579
1482742235
1518688731
940956026
940956027
974543226
974543227
974543322
974543323
940956122
940956123
1518721402
1518721403
1518721498
1518721499
1482905978
1482905979
2053331322
2053331323
1482906074
2053331418
1482906075
2053331419
974575994
974575995
974576090
974576091
940988794
940988795
940988890
940988891
1518754170
1518754171
1518754266
1518754267
1482938746
2053364090
1482938747
2053364091
1482938842
1482938843
2053364186
2053364187
941021562
941021563
941021658
941021659
1518786938
1518786939
1518787034
1518787035
1483037050
1483037051
2053462394
2053462395
1483037146
1483037147
2053462490
2053462491
1483069818
1483069819
1483069914
1483069915
2053495162
2053495163
2053495258
2053495259
1483102586
1483102587
1483102682
1483102683
2053527930
2053527931
2053528026
2053528027
450910586
450910587
1519409530
1519409531
450910682
450910683
1519409626
1519409627
1483135354
1483135355
450943354
450943355
2053560698
1519442298
1519442299
2053560699
1483135450
450943450
1483135451
450943451
2053560794
2053560795
1519442394
1519442395
1519606138
1519606139
451107194
451107195
1519606234
1519606235
451107290
451107291
1519638906
1519638907
451139962
451139963
1519639002
1519639003
451140058
451140059
2024823162
2024823163
2024823258
2024823259
1219516794
1219516795
1219516890
1219516891
2024855930
2024855931
451238266
451238267
1519737210
1519737211
2024856026
2024856027
1519737306
1519737307
451238362
451238363
1219549562
1219549563
1219549658
1219549659
1519769978
1519769979
451271034
451271035
1519770074
1519770075
451271130
451271131
1253071226
1253071227
1253071322
1253071323
1519802746
1519802747
2025019770
451303802
2025019771
451303803
1519802842
1519802843
2025019866
2025019867
451303898
451303899
1253103994
1253103995
1253104090
1253104091
1219713402
1219713403
1219713498
1219713499
2025052538
2025052539
2025052634
2025052635
1519835514
1519835515
1253267834
1253267835
1519835610
1519835611
451336570
451336571
1219746170
1253267930
1219746171
1253267931
451336666
451336667
1219746266
1219746267
2025150842
2025150843
2025150938
2025150939
1253300602
1253300603
1219844474
1219844475
1253300698
1219844570
1219844571
1253300699
942692730
942692731
976247162
976247163
942692826
942692827
976247258
976247259
2025183610
2025183611
2025183706
2025183707
1219877242
1219877243
1219877338
1219877339
1253398906
1253398907
976279930
942725498
976279931
942725499
1253399002
1253399003
942725594
942725595
976280026
976280027
2025216378
2025216379
2025216474
2025216475
1219910010
1219910011
1219910106
1219910107
942889338
1253431674
942889339
1253431675
2025249146
2025249147
942889434
942889435
1253431770
1253431771
2025249242
2025249243
976443770
976443771
976443866
976443867
942922106
1219942778
942922107
1219942779
1253464442
1253464443
942922202
1219942874
942922203
1219942875
1253464538
1253464539
976476538
976476539
976476634
976476635
943020410
943020411
1484806522
1484806523
943020506
943020507
1484806618
1484806619
1253497210
1253497211
1253497306
1253497307
976574842
976574843
2055231866
2055231867
976574938
976574939
2055231962
2055231963
1484839290
1484839291
943053178
943053179
943053274
943053275
1484839386
1484839387
976607610
2055264634
976607611
2055264635
976607706
2055264730
976607707
2055264731
943085946
943085947
943086042
943086043
1485003130
1485003131
976640378
976640379
1485003226
1485003227
2055428474
2055428475
976640474
976640475
2055428570
2055428571
943118714
943118715
943118810
943118811
1485035898
1485035899
976673146
976673147
2055461242
2055461243
1485035994
1485035995
2055461338
2055461339
976673242
976673243
2055559546
2055559547
1485134202
1485134203
2055559642
2055559643
1485134298
1485134299
1485166970
1485166971
2055592314
2055592315
1485167066
1485167067
2055592410
2055592411
1485199738
2055625082
2055625083
1485199739
2055625178
2055625179
1485199834
1485199835
1485232506
1485232507
2055657850
2055657851
1485232602
1485232603
2055657946
2055657947
1521506682
1521506683
1521506778
1521506779
1521539450
1521539451
1521539546
1521539547
1521703290
1521703291
1521703386
1521703387
1521736058
1521736059
1521736154
1521736155
1485855098
1485855099
2056280442
2056280443
1485855194
1485855195
2056280538
2056280539
1521834362
1521834363
1521834458
1521834459
2056313210
1485887866
2056313211
1485887867
2056313306
1485887962
2056313307
1485887963
1521867130
1521867131
1521867226
1521867227
1521899898
1521899899
2056477050
2056477051
1486051706
1521899994
1486051707
1521899995
2056477146
2056477147
1486051802
1486051803
1486084474
1486084475
2056509818
2056509819
1486084570
1521932666
1521932667
1486084571
2056509914
2056509915
1521932762
1521932763
2056608122
2056608123
1486182778
1486182779
2056608218
2056608219
1486182874
1486182875
2056640890
2056640891
2056640986
2056640987
1486215546
1486215547
1486215642
1486215643
2056673658
2056673659
1486248314
1486248315
2056673754
2056673755
1486248410
1486248411
2056706426
2056706427
1486281082
1486281083
2056706522
2056706523
1486281178
1486281179
2027968890
2027968891
2027968986
2027968987
1256216954
1222662522
2028001658
1222662523
1256216955
2028001659
1222662618
1256217050
1222662619
2028001754
2028001755
1256217051
1256249722
1256249723
1222695290
1222695291
1256249818
1256249819
1222695386
1222695387
2028165498
2028165499
2028165594
2028165595
1222859130
1256413562
1222859131
1256413563
1222859226
1256413658
1222859227
1256413659
2028198266
2028198267
2028198362
2028198363
1256446330
1256446331
1222891898
1222891899
1222891994
1256446426
1256446427
1222891995
1222990202
1222990203
1222990298
2028296570
1222990299
2028296571
2028296666
2028296667
1256544634
1256544635
1256544730
1256544731
1223022970
1223022971
1223023066
1223023067
2028329338
2028329339
2028329434
2028329435
1256577402
1256577403
1223055738
1223055739
1256577498
1256577499
1223055834
1223055835
2028362106
2028362107
2028362202
2028362203
1223088506
1256610170
1223088507
1256610171
1223088602
1256610266
1223088603
1256610267
2028394874
2028394875
2028394970
2028394971
1256642938
1256642939
1256643034
1256643035
945838458
945838459
979392890
979392891
979392986
979392987
945838554
945838555
979425658
979425659
704665978
704665979
945871226
945871227
979425754
979425755
704666074
704666075
945871322
945871323
704698746
704698747
704698842
704698843
979589498
979589499
946035066
946035067
979589594
946035162
979589595
946035163
2058377594
2058377595
2058377690
2058377691
704862586
704862587
704862682
704862683
1487952250
1487952251
1487952346
1487952347
979622266
979622267
946067834
946067835
979622362
946067930
946067931
979622363
2058410362
2058410363
2058410458
2058410459
1487985018
979720570
1487985019
979720571
946166138
704895354
946166139
704895355
1487985114
1487985115
946166234
946166235
979720666
704895450
704895451
979720667
671111546
671111547
671111642
671111643
2058574202
2058574203
2058574298
2058574299
946198906
704993658
946198907
1488148858
704993659
1488148859
946199002
704993754
1488148954
946199003
704993755
1488148955
2058606970
2058606971
979753338
979753339
671144314
2058607066
671144315
2058607067
979753434
979753435
671144410
671144411
1488181626
1488181627
946231674
705026426
705026427
946231675
1488181722
1488181723
705026522
946231770
946231771
705026523
2058705274
2058705275
671308154
671308155
979786106
2058705370
979786107
2058705371
671308250
671308251
1488279930
1488279931
979786202
979786203
1488280026
1488280027
705059194
946264442
705059195
946264443
705059290
705059291
946264538
946264539
2058738042
2058738043
2058738138
2058738139
671340922
979818874
671340923
979818875
671341018
979818970
671341019
979818971
1488312698
1524652410
1488312699
1524652411
705091962
705091963
1488312794
1488312795
1524652506
1524652507
705092058
705092059
402676090
402676091
402676186
2058770810
2058770811
402676187
2058770906
2058770907
1488345466
1524685178
436230522
1524685179
1488345467
436230523
1488345562
1488345563
436230618
1524685274
436230619
1524685275
671439226
671439227
671439322
671439323
2058803578
402708858
2058803579
402708859
2058803674
2058803675
402708954
402708955
705714554
705714555
705714650
705714651
1488378234
436263290
1488378235
436263291
671471994
436263386
671471995
1488378330
1488378331
436263387
671472090
671472091
1524849018
1524849019
1524849114
1524849115
705747322
705747323
705747418
705747419
1524881786
1524881787
1524881882
1524881883
402872698
402872699
671504762
671504763
402872794
402872795
436427130
671504858
671504859
436427131
436427226
436427227
705911162
705911163
705911258
705911259
1524980090
1524980091
1524980186
1524980187
671537530
436459898
671537531
436459899
402905466
402905467
436459994
436459995
671537626
671537627
402905562
402905563
705943930
705943931
1525012858
1525012859
705944026
705944027
1525012954
1525012955
436558202
436558203
672160122
672160123
436558298
436558299
403003770
403003771
672160218
672160219
403003866
403003867
1525045626
1525045627
1525045722
1525045723
706042234
706042235
436590970
436590971
706042330
706042331
672192890
436591066
672192891
436591067
672192986
672192987
403036538
403036539
403036634
403036635
1525078394
1525078395
1525078490
1525078491
706075002
706075003
436623738
436623739
706075098
706075099
436623834
436623835
403069306
403069307
403069402
403069403
672356730
672356731
672356826
672356827
706107770
706107771
706107866
706107867
436656506
436656507
436656602
436656603
403102074
672389498
403102075
672389499
947935610
672389594
947935611
672389595
403102170
403102171
947935706
947935707
706140538
706140539
672487802
672487803
706140634
706140635
672487898
672487899
947968378
947968379
981490042
981490043
947968474
947968475
981490138
981490139
437279098
437279099
437279194
437279195
672520570
672520571
672520666
672520667
981522810
981522811
981522906
981522907
948132218
948132219
948132314
948132315
437311866
437311867
672553338
672553339
437311962
437311963
672553434
672553435
403724666
403724667
403724762
403724763
948164986
948164987
672586106
672586107
981686650
981686651
948165082
948165083
672586202
672586203
981686746
437475706
981686747
437475707
437475802
437475803
403757434
403757435
403757530
403757531
981719418
981719419
437508474
981719514
437508475
981719515
948263290
437508570
437508571
948263291
948263386
948263387
403921274
403921275
948296058
403921370
948296059
403921371
948296154
948296155
437606778
981817722
437606779
981817723
437606874
437606875
981817818
981817819
403954042
403954043
403954138
403954139
981850490
948328826
981850491
437639546
437639547
948328827
437639642
437639643
948328922
981850586
981850587
948328923
437672314
437672315
404052346
404052347
981883258
981883259
404052442
404052443
437672410
437672411
981883354
981883355
948361594
948361595
948361690
948361691
437705082
437705083
981916026
981916027
404085114
404085115
981916122
437705178
981916123
437705179
404085210
404085211
404117882
404117883
404117978
404117979
404150650
404150651
404150746
404150747
948984186
948984187
948984282
948984283
982538618
982538619
982538714
982538715
949016954
949016955
1491097978
1491097979
949017050
949017051
1491098074
1491098075
982571386
982571387
1491130746
1491130747
982571482
982571483
1491130842
1491130843
949180794
949180795
949180890
949180891
1491294586
1491294587
982735226
949213562
949213563
982735227
1491294682
1491294683
982735322
949213658
982735323
949213659
2061523322
2061523323
2061523418
2061523419
707811706
707811707
1491327354
1491327355
707811802
1491327450
707811803
1491327451
2061556090
2061556091
982767994
982767995
2061556186
2061556187
982768090
982768091
949311866
949311867
949311962
949311963
707844474
707844475
707844570
707844571
1491425658
1491425659
1491425754
1491425755
949344634
982866298
949344635
982866299
2061719930
2061719931
949344730
949344731
982866394
2061720026
982866395
2061720027
674257274
1491458426
674257275
1491458427
1491458522
674257370
1491458523
674257371
708008314
708008315
708008410
708008411
2061752698
2061752699
2061752794
2061752795
708041082
708041083
949377402
949377403
982899066
1491491194
982899067
1491491195
708041178
674290042
708041179
982899162
674290043
982899163
1491491290
949377498
1491491291
949377499
674290138
674290139
2061851002
2061851003
2061851098
2061851099
674453882
674453883
674453978
674453979
982931834
1491523962
982931835
1491523963
949410170
949410171
708139386
708139387
982931930
1491524058
982931931
949410266
1491524059
949410267
708139482
708139483
2061883770
2061883771
2061883866
2061883867
674486650
674486651
674486746
674486747
708172154
708172155
708172250
708172251
2061916538
2061916539
982964602
982964603
982964698
2061916634
982964699
2061916635
674584954
439376250
439376251
674584955
674585050
674585051
439376346
439376347
708204922
708204923
708205018
708205019
674617722
439409018
674617723
2061949306
439409019
2061949307
674617818
439409114
2061949402
674617819
439409115
2061949403
674650490
708237690
674650491
439572858
708237691
439572859
674650586
439572954
674650587
708237786
439572955
708237787
439605626
439605627
674683258
405821818
674683259
405821819
439605722
439605723
674683354
405821914
674683355
405821915
405854586
405854587
405854682
405854683
439703930
439703931
439704026
439704027
439736698
439736699
439736794
439736795
439769466
439769467
439769562
439769563
439802234
439802235
439802330
439802331
406018426
406018427
406018522
406018523
406051194
406051195
406051290
406051291
406149498
406149499
406149594
406149595
406182266
406182267
406182362
406182363
406215034
406215035
406215130
406215131
406247802
406247803
406247898
406247899
951081338
951081339
951081434
951081435
951114106
951114107
951114202
951114203
951277946
951277947
984635770
984635771
951278042
951278043
984635866
984635867
951310714
951310715
442521978
442521979
951310810
951310811
984668538
984668539
442522074
442522075
984668634
984668635
442554746
442554747
442554842
442554843
442718586
442718587
442718682
442718683
951409018
951409019
442751354
442751355
951409114
951409115
442751450
442751451
951441786
951441787
442849658
442849659
951441882
951441883
442849754
442849755
984832378
984832379
984832474
984832475
442882426
442882427
442882522
442882523
951474554
951474555
951474650
951474651
408967546
984865146
984865147
408967547
984865242
984865243
408967642
408967643
442915194
442915195
442915290
442915291
409000314
409000315
409000410
409000411
951507322
951507323
442947962
442947963
951507418
951507419
442948058
442948059
710957434
710957435
710957530
710957531
984963450
984963451
984963546
984963547
710990202
710990203
710990298
710990299
984996218
984996219
984996314
984996315
985028986
985028987
985029082
985029083
711154042
711154043
711154138
711154139
985061754
985061755
985061850
985061851
711186810
711186811
711186906
711186907
677403002
677403003
677403098
677403099
677435770
677435771
677435866
677435867
711285114
711285115
711285210
711285211
711317882
711317883
711317978
711317979
711350650
711350651
711350746
711350747
677599610
677599611
677599706
677599707
711383418
711383419
711383514
711383515
677632378
677632379
677632474
677632475
677730682
677730683
677730778
677730779
677763450
677763451
677763546
677763547
677796218
677796219
677796314
677796315
677828986
677828987
677829082
677829083
713054586
713054587
713054682
713054683
713087354
713087355
713087450
713087451
713251194
713251195
713251290
713251291
713283962
713283963
713284058
713284059
713382266
713382267
713382362
713382363
713415034
713415035
713415130
713415131
713447802
713447803
713447898
713447899
679500154
679500155
679500250
679500251
713480570
713480571
713480666
713480667
679532922
679532923
679533018
679533019
679696762
679696763
679696858
679696859
679729530
679729531
679729626
679729627
679827834
679827835
679827930
679827931
679860602
679860603
679860698
679860699
679893370
679893371
679893466
679893467
679926138
679926139
679926234
679926235
714103162
714103163
714103258
714103259
714135930
714135931
714136026
714136027
714299770
714299771
714299866
714299867
714332538
714332539
714332634
714332635
714430842
714430843
714430938
714430939
714463610
714463611
714463706
714463707
714496378
714496379
680548730
680548731
714496474
714496475
680548826
680548827
680581498
680581499
714529146
714529147
680581594
680581595
714529242
714529243
680745338
680745339
680745434
680745435
954227066
954227067
954227162
954227163
680778106
680778107
680778202
680778203
954259834
954259835
954259930
954259931
680876410
680876411
680876506
680876507
680909178
680909179
680909274
680909275
954423674
954423675
954423770
954423771
680941946
680941947
680942042
680942043
680974714
680974715
680974810
680974811
987781498
987781499
987781594
987781595
987814266
987814267
987814362
987814363
987978106
987978107
987978202
987978203
988010874
988010875
988010970
988010971
988109178
988109179
988109274
988109275
988141946
988141947
988142042
988142043
988174714
988174715
988174810
988174811
988207482
988207483
988207578
988207579
