hello
409164154
954456442
409164155
954456443
409164250
409164251
954456538
954456539
2046843258
2013288826
2046843259
2013288827
2046843354
2046843355
2013288922
2013288923
1509972346
1509972347
1476417914
1476417915
1509972442
1509972443
1476418010
1476418011
409196922
954554746
409196923
954554747
409197018
409197019
954554842
954554843
2013321594
2013321595
2046876026
2046876027
2013321690
2013321691
2046876122
2046876123
1510005114
1510005115
1510005210
1510005211
954587514
1476450682
954587515
1476450683
409295226
409295227
954587610
954587611
1476450778
1476450779
409295322
409295323
2013485434
2013485435
2013485530
2013485531
954620282
954620283
1510168954
1510168955
2047039866
2047039867
954620378
954620379
1476614522
1510169050
2047039962
1476614523
1510169051
2047039963
409327994
409327995
1476614618
1476614619
409328090
409328091
2013518202
2013518203
2013518298
2013518299
954653050
954653051
954653146
954653147
1510201722
1510201723
1476647290
1476647291
2047072634
1510201818
2047072635
1510201819
409360762
409360763
1476647386
2047072730
1476647387
2047072731
409360858
409360859
2013616506
2013616507
2013616602
2013616603
409393530
1510300026
1510300027
409393531
409393626
2047170938
1510300122
2047170939
1510300123
409393627
1476745594
2047171034
1476745595
2047171035
2013649274
2013649275
1476745690
1476745691
2013649370
2013649371
1510332794
1510332795
1510332890
1510332891
2047203706
2013682042
2013682043
1476778362
2047203707
1476778363
1476778458
1476778459
2047203802
2013682138
2013682139
2047203803
1510365562
1510365563
1510365658
1510365659
2013714810
2013714811
2013714906
2013714907
2047236474
2047236475
2047236570
2047236571
1510398330
1476811130
1510398331
1476811131
1510398426
1510398427
1476811226
1476811227
2047269242
2047269243
2047269338
2047269339
1476843898
1476843899
1476843994
1476843995
444619130
444619131
444619226
444619227
444651898
444651899
444651994
444651995
411064698
411064699
411064794
411064795
411097466
411097467
411097562
411097563
444815738
444815739
444815834
444815835
411261306
411261307
411261402
411261403
444848506
444848507
444848602
444848603
411294074
411294075
411294170
411294171
411392378
411392379
411392474
411392475
444946810
444946811
444946906
444946907
411425146
411425147
411425242
411425243
444979578
411457914
444979579
411457915
444979674
444979675
411458010
411458011
411490682
411490683
411490778
411490779
445012346
445012347
445012442
445012443
445045114
445045115
445045210
445045211
2019580282
2019580283
2019580378
2019580379
2019613050
2019613051
2019613146
2019613147
2019776890
2019776891
2019776986
2019776987
2019809658
2019809659
2019809754
2019809755
2019907962
2019907963
2019908058
2019908059
2019940730
2019940731
2019940826
2019940827
2019973498
2019973499
2019973594
2019973595
2020006266
2020006267
2020006362
2020006363
1516263802
1516263803
1516263898
1516263899
1516296570
1516296571
1516296666
1516296667
1516460410
1516460411
1516460506
417356154
1516460507
417356155
417356250
417356251
417388922
417388923
1516493178
1516493179
417389018
417389019
1516493274
1516493275
417552762
417552763
1516591482
1516591483
417552858
1516591578
1516591579
417552859
2021677434
2021677435
417585530
417585531
1516624250
1516624251
2021677530
2021677531
417585626
1516624346
417585627
1516624347
417683834
417683835
1516657018
2021710202
1516657019
2021710203
417683930
417683931
1516657114
2021710298
1516657115
2021710299
1516689786
973101434
1516689787
973101435
417716602
417716603
2021874042
2021874043
1516689882
1516689883
417716698
973101530
973101531
2021874138
417716699
2021874139
2021906810
2021906811
2021906906
2021906907
417749370
417749371
973134202
973134203
417749466
417749467
973134298
973134299
2022005114
2022005115
939547002
939547003
2022005210
939547098
939547099
2022005211
417782138
417782139
417782234
417782235
2022037882
2022037883
939579770
939579771
2022037978
939579866
2022037979
939579867
973298042
973298043
973298138
973298139
939743610
939743611
2022070650
2022070651
939743706
939743707
2022070746
2022070747
973330810
973330811
973330906
973330907
939776378
939776379
939776474
939776475
2022103418
2022103419
2022103514
2022103515
973429114
973429115
939874682
939874683
973429210
973429211
939874778
939874779
973461882
973461883
973461978
973461979
939907450
939907451
939907546
939907547
973494650
973494651
939940218
939940219
973494746
973494747
939940314
939940315
973527418
939972986
973527419
939972987
939973082
973527514
939973083
973527515
1518360954
1518360955
1518361050
1518361051
1518393722
1518393723
1518393818
1518393819
1518557562
1518557563
1518557658
1518557659
1482709370
1482709371
1482709466
1482709467
2053134714
2053134715
1518590330
1518590331
2053134810
2053134811
1518590426
1518590427
1482742138
1518688634
2053167482
1482742139
2053167483
1518688635
1518688730
1482742234
2053167578
2053167579
1482742235
1518688731
1518721402
1518721403
1518721498
1518721499
1482905978
1482905979
2053331322
2053331323
1482906074
2053331418
2053331419
1482906075
1518754170
1518754171
1518754266
1518754267
1482938746
2053364090
1482938747
2053364091
1482938842
1482938843
2053364186
2053364187
1518786938
1518786939
1518787034
1518787035
1483037050
1483037051
2053462394
2053462395
1483037146
1483037147
2053462490
2053462491
1483069818
1483069819
1483069914
1483069915
2053495162
2053495163
2053495258
2053495259
1483102586
1483102587
1483102682
1483102683
2053527930
2053527931
2053528026
2053528027
450910586
450910587
450910682
450910683
1483135354
450943354
1483135355
450943355
2053560698
2053560699
1483135450
450943450
1483135451
450943451
2053560794
2053560795
451107194
451107195
451107290
451107291
451139962
451139963
451140058
451140059
451238266
451238267
451238362
451238363
451271034
451271035
451271130
451271131
451303802
451303803
451303898
451303899
451336570
451336571
451336666
451336667
1484806522
1484806523
1484806618
1484806619
2055231866
2055231867
2055231962
2055231963
1484839290
1484839291
1484839386
1484839387
2055264634
2055264635
2055264730
2055264731
1485003130
1485003131
1485003226
1485003227
2055428474
2055428475
2055428570
2055428571
1485035898
1485035899
2055461242
2055461243
1485035994
1485035995
2055461338
2055461339
2055559546
2055559547
1485134202
1485134203
2055559642
2055559643
1485134298
1485134299
1485166970
1485166971
2055592314
2055592315
1485167066
1485167067
2055592410
2055592411
1485199738
2055625082
2055625083
1485199739
2055625178
2055625179
1485199834
1485199835
1485232506
1485232507
2055657850
1485232602
2055657851
1485232603
2055657946
2055657947
2027968890
2027968891
2027968986
2027968987
2028001658
2028001659
2028001754
2028001755
2028165498
2028165499
2028165594
2028165595
2028198266
2028198267
2028198362
2028198363
2028296570
2028296571
2028296666
2028296667
2028329338
2028329339
2028329434
2028329435
2028362106
2028362107
2028362202
2028362203
2028394874
2028394875
2028394970
2028394971
945838458
945838459
979392890
979392891
979392986
945838554
979392987
945838555
979425658
979425659
945871226
945871227
979425754
979425755
945871322
945871323
979589498
979589499
946035066
946035067
979589594
979589595
946035162
946035163
979622266
979622267
946067834
946067835
979622362
946067930
979622363
946067931
979720570
979720571
946166138
946166139
946166234
946166235
979720666
979720667
946198906
946198907
946199002
946199003
979753338
979753339
979753434
979753435
946231674
946231675
946231770
946231771
979786106
979786107
979786202
979786203
946264442
946264443
946264538
946264539
979818874
979818875
979818970
979818971
1524652410
1524652411
1524652506
1524652507
402676090
402676091
402676186
402676187
1524685178
436230522
1524685179
436230523
436230618
1524685274
436230619
1524685275
402708858
402708859
402708954
402708955
436263290
436263291
436263386
436263387
1524849018
1524849019
1524849114
1524849115
1524881786
1524881787
1524881882
1524881883
402872698
402872699
402872794
402872795
436427130
436427131
436427226
436427227
1524980090
1524980091
1524980186
1524980187
436459898
436459899
402905466
402905467
436459994
436459995
402905562
402905563
1525012858
1525012859
1525012954
1525012955
436558202
436558203
436558298
436558299
403003770
403003771
403003866
403003867
1525045626
1525045627
1525045722
1525045723
436590970
436590971
436591066
436591067
403036538
403036539
403036634
403036635
1525078394
1525078395
1525078490
1525078491
436623738
436623739
436623834
436623835
403069306
403069307
403069402
403069403
436656506
436656507
436656602
436656603
403102074
403102075
947935610
947935611
403102170
403102171
947935706
947935707
947968378
947968379
981490042
981490043
947968474
947968475
981490138
981490139
981522810
981522811
981522906
981522907
948132218
948132219
948132314
948132315
948164986
948164987
981686650
981686651
948165082
948165083
981686746
981686747
981719418
981719419
981719514
981719515
948263290
948263291
948263386
948263387
948296058
948296059
948296154
948296155
981817722
981817723
981817818
981817819
981850490
948328826
981850491
948328827
948328922
981850586
981850587
948328923
981883258
981883259
981883354
981883355
948361594
948361595
948361690
948361691
981916026
981916027
981916122
981916123
1491097978
1491097979
1491098074
1491098075
1491130746
1491130747
1491130842
1491130843
1491294586
1491294587
1491294682
1491294683
2061523322
2061523323
2061523418
2061523419
1491327354
1491327355
1491327450
1491327451
2061556090
2061556091
2061556186
2061556187
1491425658
1491425659
1491425754
1491425755
2061719930
2061719931
2061720026
2061720027
1491458426
1491458427
1491458522
1491458523
2061752698
2061752699
2061752794
2061752795
1491491194
1491491195
1491491290
1491491291
2061851002
2061851003
2061851098
2061851099
1491523962
1491523963
1491524058
1491524059
2061883770
2061883771
2061883866
2061883867
2061916538
2061916539
2061916634
2061916635
2061949306
2061949307
2061949402
2061949403
442521978
442521979
442522074
442522075
442554746
442554747
442554842
442554843
442718586
442718587
442718682
442718683
442751354
442751355
442751450
442751451
442849658
442849659
442849754
442849755
442882426
442882427
442882522
442882523
408967546
408967547
408967642
408967643
442915194
442915195
442915290
442915291
409000314
409000315
409000410
409000411
442947962
442947963
442948058
442948059
954227066
954227067
954227162
954227163
954259834
954259835
954259930
954259931
954423674
954423675
954423770
954423771
987781498
987781499
987781594
987781595
987814266
987814267
987814362
987814363
987978106
987978107
987978202
987978203
988010874
988010875
988010970
988010971
988109178
988109179
988109274
988109275
988141946
988141947
988142042
988142043
988174714
988174715
988174810
988174811
988207482
988207483
988207578
988207579
